[gd_scene format=3 uid="uid://5jb1sys8w4to"]

[ext_resource type="Script" uid="uid://c733mdh8qpsk2" path="res://src/level/outside_1.gd" id="1_ychsu"]
[ext_resource type="PackedScene" uid="uid://b3ml34bssywkr" path="res://scene/player.tscn" id="2_4c3sk"]
[ext_resource type="Environment" uid="uid://dpl334n3lt1ig" path="res://assets/environment_outside.tres" id="2_x07jh"]
[ext_resource type="PackedScene" uid="uid://dwvyc2qlcdag0" path="res://scene/chessboard_large.tscn" id="5_6ehyn"]
[ext_resource type="PackedScene" uid="uid://d1orpuo40iup6" path="res://scene/actor/carnation.tscn" id="10_fmso8"]
[ext_resource type="Script" uid="uid://chtqhpiu556i1" path="res://src/marker_bit.gd" id="11_ychsu"]
[ext_resource type="PackedScene" uid="uid://dgvq7kuhcahlb" path="res://scene/teleport_pointer.tscn" id="15_x07jh"]
[ext_resource type="PackedScene" uid="uid://c7joe7stxo7vb" path="res://scene/card_item.tscn" id="16_86nss"]
[ext_resource type="Texture2D" uid="uid://bcktgfe4r1bsf" path="res://assets/texture/piece_knight.svg" id="17_86nss"]
[ext_resource type="PackedScene" uid="uid://8fh667jl5ppl" path="res://scene/actor/piece_bishop_black.tscn" id="18_tvo16"]

[sub_resource type="StandardMaterial3D" id="StandardMaterial3D_w25ob"]
metallic = 1.0
roughness = 0.0

[node name="outside" type="Node3D" unique_id=1431342441]
script = ExtResource("1_ychsu")
metadata/by = 4

[node name="WorldEnvironment" type="WorldEnvironment" parent="." unique_id=522456300]
environment = ExtResource("2_x07jh")

[node name="DirectionalLight3D" type="DirectionalLight3D" parent="." unique_id=839380624]
transform = Transform3D(-0.866024, -0.433016, 0.250001, 0, 0.499998, 0.866026, -0.500003, 0.749999, -0.43301, 0, 0, 0)
light_color = Color(0.419813, 0.419813, 0.419813, 1)
shadow_enabled = true

[node name="player" parent="." unique_id=861567604 instance=ExtResource("2_4c3sk")]

[node name="chessboard" parent="." unique_id=1362350771 instance=ExtResource("5_6ehyn")]
transform = Transform3D(1, 0, 0, 0, 1, 0, 0, 0, 1, -0.044418335, -0.011221886, -0.013936043)

[node name="camera" type="Camera3D" parent="." unique_id=1912587729]
transform = Transform3D(0.6289816, 0.527912, -0.5706935, 1.0564773e-07, 0.7340863, 0.6790563, 0.7774202, -0.42711398, 0.46172667, -4.6815615, 5.124972, 1.9919019)

[node name="carnation" parent="." unique_id=657076778 instance=ExtResource("10_fmso8")]
transform = Transform3D(-0.707107, 0, 0.707107, 0, 1, 0, -0.707107, 0, -0.707107, -3, 0, -3)

[node name="marker_bit" type="Marker3D" parent="." unique_id=685289223]
transform = Transform3D(1, 0, 0, 0, 1, 0, 0, 0, 1, -3, 0, -1)
script = ExtResource("11_ychsu")
piece = 122

[node name="marker_bit_2" type="Marker3D" parent="." unique_id=1686796906]
transform = Transform3D(1, 0, 0, 0, 1, 0, 0, 0, 1, -1, 0, -3)
script = ExtResource("11_ychsu")
piece = 122

[node name="marker_bit_3" type="Marker3D" parent="." unique_id=1862938319]
transform = Transform3D(1, 0, 0, 0, 1, 0, 0, 0, 1, -3, 0, -5)
script = ExtResource("11_ychsu")
piece = 122

[node name="marker_bit_4" type="Marker3D" parent="." unique_id=580312640]
transform = Transform3D(1, 0, 0, 0, 1, 0, 0, 0, 1, -1, 0, -5)
script = ExtResource("11_ychsu")
piece = 122

[node name="marker_bit_5" type="Marker3D" parent="." unique_id=1991385464]
transform = Transform3D(1, 0, 0, 0, 1, 0, 0, 0, 1, -1, 0, -1)
script = ExtResource("11_ychsu")
piece = 122

[node name="camera_carnation" type="Camera3D" parent="." unique_id=2128490124]
transform = Transform3D(0.494867, 0.279881, 0.822662, 3.59728e-08, 0.946711, -0.322084, -0.868969, 0.159389, 0.468496, -1.48604, 0.829229, -2.09742)
fov = 51.0187

[node name="camera_carnation_2" type="Camera3D" parent="." unique_id=515002785]
transform = Transform3D(-0.7071068, 0.5, -0.5, 3.0908623e-08, 0.70710677, 0.7071068, 0.7071068, 0.49999997, -0.50000006, 2.51396, 4.829229, -6.0974197)
fov = 51.0187

[node name="teleport_pointer_2" parent="." unique_id=1891516528 instance=ExtResource("15_x07jh")]
transform = Transform3D(-1, 0, 8.742277e-08, 0, 1, 0, -8.742277e-08, 0, -1, 1, 0, -7)
to = "res://scene/level/outside_0.tscn"
args = {
"by": 116
}

[node name="teleport_pointer_3" parent="." unique_id=1510838436 instance=ExtResource("15_x07jh")]
transform = Transform3D(-1, 0, 8.742277e-08, 0, 1, 0, -8.742277e-08, 0, -1, -1, 0, -7)
to = "res://scene/level/outside_0.tscn"
args = {
"by": 115
}

[node name="teleport_pointer_4" parent="." unique_id=1866234753 instance=ExtResource("15_x07jh")]
transform = Transform3D(1.3113416e-07, 0, 1, 0, 1, 0, -1, 0, 1.3113416e-07, 7, 0, -3)
to = "res://scene/level/outside_2.tscn"
args = {
"by": 87
}

[node name="csg_box_3d" type="CSGBox3D" parent="." unique_id=1473379126]
transform = Transform3D(1, 0, 0, 0, 1, 0, 0, 0, 1, -0.10000038, -0.2512207, -8.760193)
size = Vector3(16, 0.4975586, 1.4796143)
material = SubResource("StandardMaterial3D_w25ob")

[node name="csg_box_3d_2" type="CSGBox3D" parent="." unique_id=1321896450]
transform = Transform3D(1, 0, 0, 0, 1, 0, 0, 0, 1, 8.507315, -0.2512207, 0)
size = Vector3(1.238739, 0.4975586, 19)
material = SubResource("StandardMaterial3D_w25ob")

[node name="csg_box_3d_3" type="CSGBox3D" parent="." unique_id=1651237327]
transform = Transform3D(1, 0, 0, 0, 1, 0, 0, 0, 1, -8.578018, -0.2512207, 0)
size = Vector3(1.238739, 0.4975586, 19)
material = SubResource("StandardMaterial3D_w25ob")

[node name="csg_box_3d_4" type="CSGBox3D" parent="." unique_id=2114977958]
transform = Transform3D(1, 0, 0, 0, 1, 0, 0, 0, 1, -0.054027557, -0.2512207, 8.76297)
size = Vector3(16.021355, 0.4975586, 1.5)
material = SubResource("StandardMaterial3D_w25ob")

[node name="card_item" parent="." unique_id=1236921459 instance=ExtResource("16_86nss")]
transform = Transform3D(-7, 0, -6.119594e-07, 0, 7, 0, 6.119594e-07, 0, -7, 5.0000005, 0, 2.9999995)
cover = ExtResource("17_86nss")
actor = ExtResource("18_tvo16")
card_piece = 110
progress_key = "piece_knight_card_0"
